ID	lgth	out	in	long_cov	short1_cov	short1_Ocov	short2_cov	short2_Ocov	long_nb	short1_nb	short2_nb
1	21	1	1	0.000000	24.380952	24.380952	0.000000	0.000000	0	25	0
2	118	1	2	0.000000	30.601695	24.432203	0.000000	0.000000	0	89	0
3	95	2	2	0.000000	90.326316	90.326316	0.000000	0.000000	0	82	0
4	219	2	2	0.000000	37.123288	29.552511	0.000000	0.000000	0	154	0
5	159	2	2	0.000000	46.314465	37.232704	0.000000	0.000000	0	109	0
6	35277	1	1	0.000000	19.284009	7.270941	0.000000	0.000000	0	8594	0
7	8294	1	0	0.000000	19.411020	19.363878	0.000000	0.000000	0	1962	0
8	618	3	2	0.000000	35.179612	35.179612	0.000000	0.000000	0	329	0
9	1	2	1	0.000000	26.000000	26.000000	0.000000	0.000000	0	19	0
10	2614	1	1	0.000000	17.798011	17.753634	0.000000	0.000000	0	593	0
11	3935	1	2	0.000000	19.498856	18.657179	0.000000	0.000000	0	913	0
12	55	1	1	0.000000	52.145455	52.145455	0.000000	0.000000	0	95	0
13	1928	2	2	0.000000	25.870851	25.475622	0.000000	0.000000	0	662	0
14	3937	0	1	0.000000	18.355347	18.339853	0.000000	0.000000	0	910	0
15	437	2	2	0.000000	28.951945	23.986270	0.000000	0.000000	0	186	0
16	32623	0	0	0.000000	19.090427	11.926984	0.000000	0.000000	0	7793	0
17	406	1	1	0.000000	8.906404	8.758621	0.000000	0.000000	0	65	0
18	31	2	1	0.000000	51.741935	51.741935	0.000000	0.000000	0	72	0
19	56	1	2	0.000000	27.821429	27.821429	0.000000	0.000000	0	21	0
20	171	1	1	0.000000	20.918129	20.918129	0.000000	0.000000	0	46	0
21	46	1	1	0.000000	23.043478	23.043478	0.000000	0.000000	0	19	0
22	12	1	2	0.000000	35.333333	35.333333	0.000000	0.000000	0	20	0
23	15	1	2	0.000000	37.666667	37.666667	0.000000	0.000000	0	17	0
24	252	1	2	0.000000	32.809524	28.011905	0.000000	0.000000	0	90	0
25	82509	0	1	0.000000	18.778206	4.678762	0.000000	0.000000	0	19880	0
26	104561	1	2	0.000000	18.397347	1.350532	0.000000	0.000000	0	24076	0
27	37908	1	0	0.000000	18.646091	2.368075	0.000000	0.000000	0	8836	0
28	1	2	1	0.000000	37.000000	37.000000	0.000000	0.000000	0	28	0
29	3	2	1	0.000000	22.666667	22.666667	0.000000	0.000000	0	19	0
30	84	1	1	0.000000	20.583333	20.583333	0.000000	0.000000	0	36	0
31	61118	0	1	0.000000	19.354593	6.048447	0.000000	0.000000	0	15123	0
32	221	0	0	0.000000	30.660633	26.932127	0.000000	0.000000	0	112	0
33	109	1	1	0.000000	13.669725	13.669725	0.000000	0.000000	0	20	0
34	31	2	2	0.000000	63.580645	63.580645	0.000000	0.000000	0	24	0
35	122342	0	1	0.000000	18.990723	1.034485	0.000000	0.000000	0	29600	0
36	190	0	0	0.000000	30.484211	25.600000	0.000000	0.000000	0	92	0
37	35869	1	0	0.000000	18.445008	13.362960	0.000000	0.000000	0	8031	0
38	55	0	0	0.000000	5.145455	5.145455	0.000000	0.000000	0	18	0
39	83777	0	1	0.000000	18.534634	2.001373	0.000000	0.000000	0	19856	0
40	69	1	1	0.000000	22.420290	22.420290	0.000000	0.000000	0	29	0
41	51181	0	1	0.000000	19.424259	0.753287	0.000000	0.000000	0	12590	0
42	17713	1	0	0.000000	18.908598	4.356292	0.000000	0.000000	0	4115	0
43	92511	0	1	0.000000	19.174325	0.993017	0.000000	0.000000	0	22734	0
44	94	0	0	0.000000	28.106383	18.414894	0.000000	0.000000	0	53	0
45	77	0	0	0.000000	26.857143	26.857143	0.000000	0.000000	0	47	0
46	116406	1	1	0.000000	19.182851	0.255313	0.000000	0.000000	0	28697	0
47	110	1	2	0.000000	27.809091	27.809091	0.000000	0.000000	0	46	0
48	21214	0	0	0.000000	18.832045	5.229235	0.000000	0.000000	0	5068	0
49	70	0	0	0.000000	11.300000	10.928571	0.000000	0.000000	0	15	0
50	1070	1	1	0.000000	19.263551	19.263551	0.000000	0.000000	0	291	0
51	235590	1	1	0.000000	18.882835	0.101617	0.000000	0.000000	0	56229	0
52	58	1	2	0.000000	31.879310	31.879310	0.000000	0.000000	0	28	0
53	41422	0	0	0.000000	19.104896	0.089180	0.000000	0.000000	0	10093	0
54	52116	1	0	0.000000	18.311574	1.552786	0.000000	0.000000	0	11948	0
55	337	2	3	0.000000	40.614243	40.614243	0.000000	0.000000	0	118	0
56	95055	1	0	0.000000	18.914544	0.294419	0.000000	0.000000	0	22668	0
57	68	2	2	0.000000	38.735294	38.735294	0.000000	0.000000	0	74	0
58	92	2	1	0.000000	33.260870	32.380435	0.000000	0.000000	0	51	0
59	92	0	1	0.000000	14.391304	14.391304	0.000000	0.000000	0	12	0
60	192	0	0	0.000000	29.562500	17.994792	0.000000	0.000000	0	103	0
61	81	0	0	0.000000	3.555556	3.555556	0.000000	0.000000	0	18	0
62	169	1	1	0.000000	26.857988	26.857988	0.000000	0.000000	0	94	0
63	46	2	1	0.000000	38.043478	38.043478	0.000000	0.000000	0	30	0
64	272	2	2	0.000000	43.279412	34.830882	0.000000	0.000000	0	192	0
65	160526	1	1	0.000000	18.543725	0.086322	0.000000	0.000000	0	37496	0
66	52	1	1	0.000000	9.403846	9.403846	0.000000	0.000000	0	12	0
67	32	2	1	0.000000	21.937500	21.937500	0.000000	0.000000	0	36	0
68	30739	0	0	0.000000	18.774098	0.352842	0.000000	0.000000	0	7351	0
69	147	1	2	0.000000	55.013605	34.285714	0.000000	0.000000	0	130	0
70	109	1	1	0.000000	18.045872	18.045872	0.000000	0.000000	0	32	0
71	55	1	1	0.000000	22.418182	19.581818	0.000000	0.000000	0	27	0
72	1353	1	1	0.000000	13.686622	13.676275	0.000000	0.000000	0	280	0
73	1	2	1	0.000000	20.000000	20.000000	0.000000	0.000000	0	9	0
74	23	0	0	0.000000	44.826087	44.826087	0.000000	0.000000	0	31	0
75	74	1	2	0.000000	25.594595	25.594595	0.000000	0.000000	0	42	0
76	70	1	1	0.000000	14.628571	14.628571	0.000000	0.000000	0	22	0
77	310752	1	0	0.000000	18.558188	0.187928	0.000000	0.000000	0	73525	0
78	340023	1	1	0.000000	18.524415	0.375345	0.000000	0.000000	0	79799	0
79	55	0	0	0.000000	3.072727	3.072727	0.000000	0.000000	0	6	0
80	25	3	1	0.000000	42.960000	42.960000	0.000000	0.000000	0	53	0
81	1	2	1	0.000000	30.000000	30.000000	0.000000	0.000000	0	25	0
82	2	1	1	0.000000	10.000000	10.000000	0.000000	0.000000	0	1	0
83	198	1	2	0.000000	28.525253	26.712121	0.000000	0.000000	0	70	0
84	55	0	0	0.000000	5.181818	5.181818	0.000000	0.000000	0	16	0
85	33	1	1	0.000000	13.636364	13.636364	0.000000	0.000000	0	9	0
86	24	0	0	0.000000	55.583333	55.583333	0.000000	0.000000	0	47	0
87	54	0	0	0.000000	28.851852	21.962963	0.000000	0.000000	0	43	0
88	32	1	1	0.000000	9.156250	9.156250	0.000000	0.000000	0	13	0
89	41	0	0	0.000000	22.975610	16.073171	0.000000	0.000000	0	31	0
90	75431	0	0	0.000000	18.689412	0.325383	0.000000	0.000000	0	17962	0
91	154329	1	1	0.000000	18.637884	1.321780	0.000000	0.000000	0	35873	0
92	55	1	1	0.000000	11.327273	11.327273	0.000000	0.000000	0	12	0
93	55	0	0	0.000000	3.018182	3.018182	0.000000	0.000000	0	9	0
94	55	0	0	0.000000	3.109091	3.109091	0.000000	0.000000	0	6	0
95	54	1	1	0.000000	13.759259	13.759259	0.000000	0.000000	0	33	0
96	325	2	2	0.000000	41.966154	30.218462	0.000000	0.000000	0	158	0
97	28798	1	1	0.000000	18.505625	0.048059	0.000000	0.000000	0	6692	0
98	46	0	0	0.000000	3.173913	3.173913	0.000000	0.000000	0	10	0
99	570	0	0	0.000000	4.601754	4.601754	0.000000	0.000000	0	31	0
100	87	2	2	0.000000	99.942529	64.804598	0.000000	0.000000	0	84	0
101	1043	1	3	0.000000	26.747843	26.066155	0.000000	0.000000	0	322	0
102	26	1	3	0.000000	53.500000	53.500000	0.000000	0.000000	0	22	0
103	2	0	0	0.000000	23.000000	23.000000	0.000000	0.000000	0	14	0
104	25404	1	1	0.000000	18.745906	0.063297	0.000000	0.000000	0	6199	0
105	76	0	1	0.000000	22.618421	22.618421	0.000000	0.000000	0	61	0
106	15	0	2	0.000000	26.800000	26.800000	0.000000	0.000000	0	20	0
107	208	0	0	0.000000	12.115385	12.115385	0.000000	0.000000	0	30	0
108	171	1	1	0.000000	23.795322	23.736842	0.000000	0.000000	0	58	0
109	2082	1	1	0.000000	17.490874	17.309318	0.000000	0.000000	0	468	0
110	109	1	1	0.000000	23.165138	22.311927	0.000000	0.000000	0	61	0
111	78	1	1	0.000000	15.871795	15.871795	0.000000	0.000000	0	18	0
112	54	1	1	0.000000	5.740741	5.740741	0.000000	0.000000	0	12	0
113	64	0	0	0.000000	25.406250	25.406250	0.000000	0.000000	0	32	0
114	5441	0	0	0.000000	18.972615	18.961956	0.000000	0.000000	0	1247	0
115	17	2	2	0.000000	19.823529	19.823529	0.000000	0.000000	0	14	0
116	55	0	0	0.000000	5.181818	5.181818	0.000000	0.000000	0	13	0
117	55	0	0	0.000000	4.963636	4.963636	0.000000	0.000000	0	14	0
118	3	2	1	0.000000	20.333333	20.333333	0.000000	0.000000	0	16	0
119	24	1	1	0.000000	10.083333	10.083333	0.000000	0.000000	0	10	0
120	55	0	0	0.000000	5.781818	5.781818	0.000000	0.000000	0	17	0
121	55	0	0	0.000000	3.654545	3.654545	0.000000	0.000000	0	13	0
122	55	0	0	0.000000	3.072727	3.072727	0.000000	0.000000	0	10	0
123	1	3	1	0.000000	55.000000	55.000000	0.000000	0.000000	0	45	0
124	45	1	1	0.000000	23.244444	23.244444	0.000000	0.000000	0	16	0
125	95	0	0	0.000000	26.147368	18.684211	0.000000	0.000000	0	36	0
126	12	2	0	0.000000	44.916667	44.916667	0.000000	0.000000	0	30	0
127	62	2	1	0.000000	34.064516	34.064516	0.000000	0.000000	0	58	0
128	297	0	0	0.000000	5.858586	5.858586	0.000000	0.000000	0	20	0
129	9	1	1	0.000000	10.666667	10.666667	0.000000	0.000000	0	8	0
130	48	0	0	0.000000	5.000000	5.000000	0.000000	0.000000	0	6	0
131	55	0	0	0.000000	3.327273	3.327273	0.000000	0.000000	0	12	0
132	42	3	1	0.000000	34.119048	34.119048	0.000000	0.000000	0	52	0
133	16	1	0	0.000000	21.687500	21.687500	0.000000	0.000000	0	19	0
134	7	0	0	0.000000	38.142857	38.142857	0.000000	0.000000	0	21	0
135	55	0	0	0.000000	4.690909	4.690909	0.000000	0.000000	0	13	0
136	21	0	0	0.000000	35.190476	35.190476	0.000000	0.000000	0	25	0
137	20	1	1	0.000000	6.350000	6.350000	0.000000	0.000000	0	6	0
138	2	0	0	0.000000	31.000000	31.000000	0.000000	0.000000	0	12	0
139	55	0	0	0.000000	3.327273	2.454545	0.000000	0.000000	0	10	0
140	80	0	0	0.000000	41.187500	41.187500	0.000000	0.000000	0	67	0
141	55	0	0	0.000000	4.527273	4.527273	0.000000	0.000000	0	15	0
142	283	0	0	0.000000	3.678445	3.678445	0.000000	0.000000	0	13	0
143	55	0	0	0.000000	3.054545	3.054545	0.000000	0.000000	0	11	0
144	55	0	0	0.000000	5.109091	5.109091	0.000000	0.000000	0	14	0
145	11	0	0	0.000000	46.727273	46.727273	0.000000	0.000000	0	28	0
146	121	0	0	0.000000	4.925620	4.925620	0.000000	0.000000	0	8	0
147	21	0	0	0.000000	38.000000	38.000000	0.000000	0.000000	0	21	0
148	55	0	0	0.000000	3.127273	3.127273	0.000000	0.000000	0	6	0
149	55	0	0	0.000000	4.418182	4.418182	0.000000	0.000000	0	13	0
150	7	1	1	0.000000	5.571429	5.571429	0.000000	0.000000	0	1	0
151	258	0	0	0.000000	3.046512	3.046512	0.000000	0.000000	0	10	0
152	9	0	0	0.000000	40.555556	40.555556	0.000000	0.000000	0	20	0
153	287	0	0	0.000000	6.783972	6.783972	0.000000	0.000000	0	21	0
154	370	0	0	0.000000	4.486486	4.486486	0.000000	0.000000	0	20	0
155	41	0	0	0.000000	3.390244	3.390244	0.000000	0.000000	0	6	0
156	255	0	0	0.000000	5.917647	5.917647	0.000000	0.000000	0	18	0
157	125	0	0	0.000000	4.264000	4.264000	0.000000	0.000000	0	6	0
158	118	0	0	0.000000	5.262712	5.262712	0.000000	0.000000	0	7	0
159	6	1	1	0.000000	15.333333	15.333333	0.000000	0.000000	0	1	0
160	84	1	2	0.000000	33.547619	21.547619	0.000000	0.000000	0	51	0
161	14	0	0	0.000000	35.357143	35.357143	0.000000	0.000000	0	30	0
162	4	0	0	0.000000	41.250000	41.250000	0.000000	0.000000	0	26	0
163	24	0	0	0.000000	44.541667	44.541667	0.000000	0.000000	0	36	0
164	1530	1	1	0.000000	17.808497	17.760784	0.000000	0.000000	0	332	0
165	22	1	1	0.000000	3.045455	3.045455	0.000000	0.000000	0	1	0
166	1	2	1	0.000000	45.000000	45.000000	0.000000	0.000000	0	39	0
167	2	1	0	0.000000	21.000000	19.000000	0.000000	0.000000	0	12	0
168	3	1	1	0.000000	7.000000	7.000000	0.000000	0.000000	0	7	0
169	18	1	2	0.000000	16.277778	15.666667	0.000000	0.000000	0	12	0
170	174	0	0	0.000000	5.356322	5.356322	0.000000	0.000000	0	10	0
